
STRATEGY PERFORMANCE REPORT
ID         | Tier | Trades | Win%  | Sharpe | PnL        | MaxDD      | Risk 
-------------------------------------------------------------------------------------
11         | 1    | 37     |  54.1 |   0.58 | $3719.00   | $358.00    | 0.42
10         | 1    | 239    |  51.5 |   0.49 | $25235.00  | $700.50    | 0.37
641        | 1    | 22     |  54.5 |   0.40 | $325.00    | $101.00    | 0.36
8400       | 1    | 24     |  50.0 |   0.38 | $227.00    | $54.00     | 0.40
481        | 1    | 24     |  54.2 |   0.36 | $540.00    | $72.50     | 0.33
1          | 1    | 576    |  50.0 |   0.31 | $22258.50  | $905.00    | 0.45
351        | 2    | 13     |  69.2 |   0.63 | $106.50    | $17.00     | 0.27
870        | 2    | 16     |  50.0 |   0.44 | $1075.50   | $70.50     | 0.25
730        | 2    | 18     |  55.6 |   0.35 | $221.00    | $56.00     | 0.36
912        | 2    | 13     |  53.8 |   0.33 | $45.00     | $13.00     | 0.38
252        | 2    | 18     |  44.4 |   0.31 | $81.00     | $31.50     | 0.43
4611       | 2    | 12     |  41.7 |   0.29 | $135.50    | $85.00     | 0.40
193        | 2    | 11     |  45.5 |   0.26 | $39.50     | $22.00     | 0.41
620        | 2    | 66     |  43.9 |   0.25 | $667.00    | $116.00    | 0.41
4600       | 2    | 25     |  44.0 |   0.25 | $330.50    | $28.50     | 0.32
412        | 2    | 20     |  45.0 |   0.23 | $74.50     | $28.50     | 0.45
622        | 2    | 27     |  40.7 |   0.23 | $111.00    | $51.00     | 0.43
333        | 2    | 17     |  41.2 |   0.21 | $74.00     | $30.50     | 0.40
0          | 2    | 487    |  41.9 |   0.21 | $12146.50  | $771.50    | 0.49
3210       | 2    | 15     |  46.7 |   0.19 | $45.00     | $20.50     | 0.40
164        | 2    | 117    |  40.2 |   0.17 | $385.00    | $72.50     | 0.43
454        | 2    | 50     |  50.0 |   0.15 | $698.00    | $148.50    | 0.36
30         | 2    | 209    |  41.6 |   0.12 | $956.50    | $256.00    | 0.49
151        | 2    | 196    |  48.5 |   0.11 | $1039.00   | $351.50    | 0.51
361        | 2    | 16     |  43.8 |   0.11 | $47.00     | $98.00     | 0.53
150        | 2    | 114    |  47.4 |   0.11 | $433.00    | $207.00    | 0.50
491        | 2    | 22     |  40.9 |   0.10 | $103.50    | $124.50    | 0.54
101        | 2    | 19     |  42.1 |   0.10 | $504.50    | $686.00    | 0.55
800        | 2    | 22     |  40.9 |   0.09 | $45.50     | $53.00     | 0.45
600        | 2    | 13     |  46.2 |   0.08 | $24.00     | $30.00     | 0.46
502        | 2    | 150    |  40.7 |   0.07 | $403.50    | $276.00    | 0.57
533        | 2    | 13     |  53.8 |   0.06 | $16.50     | $60.50     | 0.60
572        | 2    | 115    |  42.6 |   0.05 | $288.00    | $463.50    | 0.61
470        | 2    | 49     |  40.8 |   0.05 | $75.50     | $166.00    | 0.52
612        | 2    | 22     |  40.9 |   0.03 | $14.00     | $64.50     | 0.52
501        | 2    | 77     |  42.9 |   0.01 | $23.00     | $342.00    | 0.68
662        | 3    | 2      | 100.0 |   5.75 | $46.00     | $0.00      | 0.00
4610       | 3    | 2      | 100.0 |   3.92 | $94.00     | $0.00      | 0.00
660        | 3    | 3      |  66.7 |   1.30 | $108.50    | $2.00      | 0.13
78         | 3    | 2      |  50.0 |   0.92 | $581.50    | $24.50     | 0.19
914        | 3    | 4      |  75.0 |   0.83 | $83.50     | $0.00      | 0.25
1021       | 3    | 2      |  50.0 |   0.78 | $28.00     | $0.00      | 0.21
2411       | 3    | 4      |  50.0 |   0.77 | $85.50     | $10.00     | 0.24
22         | 3    | 3      |  33.3 |   0.68 | $421.50    | $13.00     | 0.25
230        | 3    | 5      |  60.0 |   0.65 | $83.50     | $16.50     | 0.26
613        | 3    | 3      |  66.7 |   0.59 | $10.50     | $3.50      | 0.32
621        | 3    | 9      |  55.6 |   0.55 | $39.50     | $12.00     | 0.32
950        | 3    | 3      |  33.3 |   0.55 | $44.50     | $8.50      | 0.30
4601       | 3    | 3      |  66.7 |   0.54 | $17.00     | $0.00      | 0.25
511        | 3    | 2      |  50.0 |   0.53 | $23.00     | $0.00      | 0.26
311        | 3    | 6      |  50.0 |   0.50 | $86.50     | $7.00      | 0.28
951        | 3    | 5      |  60.0 |   0.43 | $33.00     | $11.00     | 0.33
462        | 3    | 9      |  55.6 |   0.42 | $83.50     | $24.50     | 0.35
630        | 3    | 6      |  66.7 |   0.39 | $19.00     | $11.50     | 0.43
381        | 3    | 5      |  40.0 |   0.34 | $198.50    | $48.50     | 0.31
192        | 3    | 7      |  71.4 |   0.33 | $63.50     | $29.00     | 0.51
81         | 3    | 6      |  16.7 |   0.32 | $384.00    | $40.50     | 0.34
853        | 3    | 4      |  50.0 |   0.31 | $45.00     | $30.50     | 0.41
20         | 3    | 55     |  38.2 |   0.31 | $590.00    | $106.50    | 0.38
343        | 3    | 2      |  50.0 |   0.31 | $16.00     | $0.00      | 0.33
102        | 3    | 4      |  25.0 |   0.29 | $19.00     | $14.50     | 0.41
911        | 3    | 2      |  50.0 |   0.28 | $27.00     | $0.00      | 0.34
1022       | 3    | 2      |  50.0 |   0.28 | $5.50      | $0.00      | 0.34
103        | 3    | 52     |  36.5 |   0.27 | $607.50    | $116.00    | 0.48
483        | 3    | 8      |  37.5 |   0.27 | $16.00     | $10.00     | 0.38
181        | 3    | 8      |  50.0 |   0.26 | $167.50    | $25.50     | 0.31
123        | 3    | 20     |  40.0 |   0.24 | $238.00    | $146.00    | 0.48
261        | 3    | 4      |  25.0 |   0.24 | $37.00     | $39.50     | 0.44
354        | 3    | 6      |  50.0 |   0.23 | $20.50     | $24.00     | 0.46
251        | 3    | 3      |  33.3 |   0.22 | $5.00      | $2.00      | 0.34
632        | 3    | 8      |  50.0 |   0.20 | $27.50     | $33.00     | 0.50
733        | 3    | 23     |  39.1 |   0.19 | $151.50    | $52.50     | 0.38
711        | 3    | 3      |  33.3 |   0.19 | $44.50     | $21.50     | 0.35
401        | 3    | 10     |  40.0 |   0.19 | $83.50     | $63.50     | 0.47
91         | 3    | 65     |  38.5 |   0.16 | $698.00    | $702.50    | 0.58
4112       | 3    | 85     |  38.8 |   0.15 | $216.50    | $108.00    | 0.48
751        | 3    | 53     |  39.6 |   0.15 | $489.50    | $366.00    | 0.48
300        | 3    | 9      |  44.4 |   0.15 | $66.50     | $111.00    | 0.52
571        | 3    | 85     |  36.5 |   0.14 | $337.50    | $245.50    | 0.55
232        | 3    | 2      |  50.0 |   0.13 | $1.50      | $0.00      | 0.40
1200       | 3    | 92     |  35.9 |   0.13 | $439.50    | $290.00    | 0.55
160        | 3    | 96     |  37.5 |   0.13 | $167.00    | $110.50    | 0.49
930        | 3    | 6      |  50.0 |   0.13 | $6.50      | $14.50     | 0.53
963        | 3    | 37     |  37.8 |   0.12 | $74.50     | $128.50    | 0.54
431        | 3    | 4      |  50.0 |   0.12 | $40.50     | $102.50    | 0.54
573        | 3    | 74     |  36.5 |   0.12 | $161.50    | $142.00    | 0.56
610        | 3    | 14     |  35.7 |   0.12 | $22.00     | $22.00     | 0.41
353        | 3    | 18     |  38.9 |   0.11 | $36.50     | $30.00     | 0.49
532        | 3    | 2      |  50.0 |   0.10 | $2.00      | $9.00      | 0.58
5800       | 3    | 61     |  37.7 |   0.10 | $216.50    | $231.50    | 0.54
410        | 3    | 54     |  38.9 |   0.09 | $136.00    | $94.50     | 0.48
130        | 3    | 77     |  39.0 |   0.09 | $397.50    | $210.00    | 0.47
331        | 3    | 25     |  36.0 |   0.09 | $72.50     | $185.00    | 0.56
142        | 3    | 207    |  38.6 |   0.08 | $333.50    | $209.00    | 0.56
5801       | 3    | 36     |  36.1 |   0.08 | $76.00     | $88.00     | 0.53
802        | 3    | 11     |  36.4 |   0.08 | $10.50     | $20.00     | 0.48
111        | 3    | 77     |  39.0 |   0.08 | $640.00    | $448.50    | 0.46
4501       | 3    | 88     |  36.4 |   0.08 | $82.00     | $62.00     | 0.52
640        | 3    | 121    |  36.4 |   0.07 | $706.50    | $923.50    | 0.52
932        | 3    | 5      |  40.0 |   0.07 | $5.00      | $8.00      | 0.44
9610       | 3    | 92     |  39.1 |   0.06 | $277.50    | $413.00    | 0.55
124        | 3    | 57     |  36.8 |   0.06 | $123.00    | $169.00    | 0.50
112        | 3    | 71     |  39.4 |   0.06 | $184.50    | $271.00    | 0.51
492        | 3    | 2      |  50.0 |   0.06 | $1.00      | $0.00      | 0.43
291        | 3    | 9      |  22.2 |   0.06 | $8.00      | $21.50     | 0.47
804        | 3    | 8      |  37.5 |   0.05 | $6.50      | $47.50     | 0.60
132        | 3    | 77     |  37.7 |   0.05 | $79.50     | $109.50    | 0.48
700        | 3    | 30     |  36.7 |   0.05 | $73.00     | $192.00    | 0.51
940        | 3    | 5      |  40.0 |   0.05 | $2.50      | $18.00     | 0.57
45000      | 3    | 198    |  39.9 |   0.01 | $38.50     | $368.50    | 0.62
850        | 3    | 9      |  22.2 |   0.01 | $2.00      | $125.00    | 0.60
591        | 3    | 50     |  40.0 |   0.00 | $1.50      | $142.50    | 0.56
21         | 3    | 1      |   0.0 |   0.00 | $-226.00   | $0.00      | 1.12
72         | 3    | 0      |   0.0 |   0.00 | $0.00      | $0.00      | 1.00
5          | 3    | 0      |   0.0 |   0.00 | $0.00      | $0.00      | 1.00
99         | 3    | 0      |   0.0 |   0.00 | $0.00      | $0.00      | 1.00
4          | 3    | 0      |   0.0 |   0.00 | $0.00      | $0.00      | 1.00
104        | 3    | 0      |   0.0 |   0.00 | $0.00      | $0.00      | 1.00
360        | 3    | 0      |   0.0 |   0.00 | $0.00      | $0.00      | 1.00
362        | 3    | 0      |   0.0 |   0.00 | $0.00      | $0.00      | 1.00
363        | 3    | 0      |   0.0 |   0.00 | $0.00      | $0.00      | 1.00
364        | 3    | 0      |   0.0 |   0.00 | $0.00      | $0.00      | 1.00
310        | 3    | 0      |   0.0 |   0.00 | $0.00      | $0.00      | 1.00
312        | 3    | 1      |   0.0 |   0.00 | $-2.00     | $0.00      | 1.12
314        | 3    | 0      |   0.0 |   0.00 | $0.00      | $0.00      | 1.00
510        | 3    | 0      |   0.0 |   0.00 | $0.00      | $0.00      | 1.00
581        | 3    | 1      | 100.0 |   0.00 | $45.00     | $0.00      | 0.00
231        | 3    | 0      |   0.0 |   0.00 | $0.00      | $0.00      | 1.00
560        | 3    | 1      |   0.0 |   0.00 | $-28.00    | $0.00      | 1.12
561        | 3    | 1      | 100.0 |   0.00 | $19.00     | $0.00      | 0.00
562        | 3    | 0      |   0.0 |   0.00 | $0.00      | $0.00      | 1.00
563        | 3    | 0      |   0.0 |   0.00 | $0.00      | $0.00      | 1.00
430        | 3    | 1      |   0.0 |   0.00 | $-11.00    | $0.00      | 1.12
390        | 3    | 0      |   0.0 |   0.00 | $0.00      | $0.00      | 1.00
391        | 3    | 0      |   0.0 |   0.00 | $0.00      | $0.00      | 1.00
392        | 3    | 0      |   0.0 |   0.00 | $0.00      | $0.00      | 1.00
393        | 3    | 0      |   0.0 |   0.00 | $0.00      | $0.00      | 1.00
394        | 3    | 1      |   0.0 |   0.00 | $-22.50    | $0.00      | 1.12
523        | 3    | 0      |   0.0 |   0.00 | $0.00      | $0.00      | 1.00
524        | 3    | 1      |   0.0 |   0.00 | $-18.50    | $0.00      | 1.12
441        | 3    | 0      |   0.0 |   0.00 | $0.00      | $0.00      | 1.00
443        | 3    | 0      |   0.0 |   0.00 | $0.00      | $0.00      | 1.00
220        | 3    | 0      |   0.0 |   0.00 | $0.00      | $0.00      | 1.00
221        | 3    | 0      |   0.0 |   0.00 | $0.00      | $0.00      | 1.00
222        | 3    | 0      |   0.0 |   0.00 | $0.00      | $0.00      | 1.00
223        | 3    | 0      |   0.0 |   0.00 | $0.00      | $0.00      | 1.00
603        | 3    | 0      |   0.0 |   0.00 | $0.00      | $0.00      | 1.00
320        | 3    | 1      |   0.0 |   0.00 | $-18.50    | $0.00      | 1.12
322        | 3    | 0      |   0.0 |   0.00 | $0.00      | $0.00      | 1.00
323        | 3    | 0      |   0.0 |   0.00 | $0.00      | $0.00      | 1.00
324        | 3    | 1      |   0.0 |   0.00 | $-6.00     | $0.00      | 1.12
652        | 3    | 1      | 100.0 |   0.00 | $23.50     | $0.00      | 0.00
301        | 3    | 0      |   0.0 |   0.00 | $0.00      | $0.00      | 1.00
302        | 3    | 1      | 100.0 |   0.00 | $86.50     | $0.00      | 0.00
303        | 3    | 0      |   0.0 |   0.00 | $0.00      | $0.00      | 1.00
760        | 3    | 0      |   0.0 |   0.00 | $0.00      | $0.00      | 1.00
761        | 3    | 0      |   0.0 |   0.00 | $0.00      | $0.00      | 1.00
742        | 3    | 0      |   0.0 |   0.00 | $0.00      | $0.00      | 1.00
743        | 3    | 0      |   0.0 |   0.00 | $0.00      | $0.00      | 1.00
803        | 3    | 1      | 100.0 |   0.00 | $29.00     | $0.00      | 0.00
631        | 3    | 1      | 100.0 |   0.00 | $17.50     | $0.00      | 0.00
790        | 3    | 1      |   0.0 |   0.00 | $0.00      | $0.00      | 0.52
791        | 3    | 1      | 100.0 |   0.00 | $43.50     | $0.00      | 0.00
792        | 3    | 0      |   0.0 |   0.00 | $0.00      | $0.00      | 1.00
793        | 3    | 1      | 100.0 |   0.00 | $34.50     | $0.00      | 0.00
794        | 3    | 0      |   0.0 |   0.00 | $0.00      | $0.00      | 1.00
770        | 3    | 0      |   0.0 |   0.00 | $0.00      | $0.00      | 1.00
534        | 3    | 0      |   0.0 |   0.00 | $0.00      | $0.00      | 1.00
964        | 3    | 1      |   0.0 |   0.00 | $-7.00     | $0.00      | 1.12
541        | 3    | 0      |   0.0 |   0.00 | $0.00      | $0.00      | 1.00
542        | 3    | 0      |   0.0 |   0.00 | $0.00      | $0.00      | 1.00
543        | 3    | 0      |   0.0 |   0.00 | $0.00      | $0.00      | 1.00
100        | 3    | 1      | 100.0 |   0.00 | $21.50     | $0.00      | 0.00
920        | 3    | 0      |   0.0 |   0.00 | $0.00      | $0.00      | 1.00
904        | 3    | 0      |   0.0 |   0.00 | $0.00      | $0.00      | 1.00
31         | 3    | 0      |   0.0 |   0.00 | $0.00      | $0.00      | 1.00
841        | 3    | 1      |   0.0 |   0.00 | $-10.50    | $0.00      | 1.12
842        | 3    | 0      |   0.0 |   0.00 | $0.00      | $0.00      | 1.00
180        | 3    | 1      |   0.0 |   0.00 | $-19.50    | $0.00      | 1.12
182        | 3    | 1      | 100.0 |   0.00 | $70.50     | $0.00      | 0.00
244        | 3    | 1      |   0.0 |   0.00 | $-3.00     | $0.00      | 1.12
971        | 3    | 0      |   0.0 |   0.00 | $0.00      | $0.00      | 1.00
972        | 3    | 0      |   0.0 |   0.00 | $0.00      | $0.00      | 1.00
890        | 3    | 1      |   0.0 |   0.00 | $-57.00    | $0.00      | 1.12
891        | 3    | 1      |   0.0 |   0.00 | $-2.00     | $0.00      | 1.12
892        | 3    | 0      |   0.0 |   0.00 | $0.00      | $0.00      | 1.00
893        | 3    | 0      |   0.0 |   0.00 | $0.00      | $0.00      | 1.00
894        | 3    | 0      |   0.0 |   0.00 | $0.00      | $0.00      | 1.00
931        | 3    | 1      | 100.0 |   0.00 | $3.50      | $0.00      | 0.00
933        | 3    | 0      |   0.0 |   0.00 | $0.00      | $0.00      | 1.00
934        | 3    | 1      |   0.0 |   0.00 | $-2.00     | $0.00      | 1.12
942        | 3    | 0      |   0.0 |   0.00 | $0.00      | $0.00      | 1.00
943        | 3    | 0      |   0.0 |   0.00 | $0.00      | $0.00      | 1.00
944        | 3    | 0      |   0.0 |   0.00 | $0.00      | $0.00      | 1.00
952        | 3    | 1      | 100.0 |   0.00 | $34.50     | $0.00      | 0.00
810        | 3    | 0      |   0.0 |   0.00 | $0.00      | $0.00      | 1.00
812        | 3    | 0      |   0.0 |   0.00 | $0.00      | $0.00      | 1.00
813        | 3    | 0      |   0.0 |   0.00 | $0.00      | $0.00      | 1.00
814        | 3    | 0      |   0.0 |   0.00 | $0.00      | $0.00      | 1.00
1010       | 3    | 0      |   0.0 |   0.00 | $0.00      | $0.00      | 1.00
1011       | 3    | 0      |   0.0 |   0.00 | $0.00      | $0.00      | 1.00
1012       | 3    | 0      |   0.0 |   0.00 | $0.00      | $0.00      | 1.00
290        | 3    | 1      |   0.0 |   0.00 | $-1.00     | $0.00      | 1.12
830        | 3    | 0      |   0.0 |   0.00 | $0.00      | $0.00      | 1.00
832        | 3    | 0      |   0.0 |   0.00 | $0.00      | $0.00      | 1.00
833        | 3    | 0      |   0.0 |   0.00 | $0.00      | $0.00      | 1.00
981        | 3    | 0      |   0.0 |   0.00 | $0.00      | $0.00      | 1.00
851        | 3    | 1      | 100.0 |   0.00 | $38.00     | $0.00      | 0.00
80         | 3    | 1      | 100.0 |   0.00 | $102.50    | $0.00      | 0.00
60         | 3    | 0      |   0.0 |   0.00 | $0.00      | $0.00      | 1.00
61         | 3    | 0      |   0.0 |   0.00 | $0.00      | $0.00      | 1.00
170        | 3    | 1      |   0.0 |   0.00 | $-10.00    | $0.00      | 1.12
270        | 3    | 0      |   0.0 |   0.00 | $0.00      | $0.00      | 1.00
271        | 3    | 0      |   0.0 |   0.00 | $0.00      | $0.00      | 1.00
1000       | 3    | 0      |   0.0 |   0.00 | $0.00      | $0.00      | 1.00
1001       | 3    | 0      |   0.0 |   0.00 | $0.00      | $0.00      | 1.00
1002       | 3    | 0      |   0.0 |   0.00 | $0.00      | $0.00      | 1.00
821        | 3    | 0      |   0.0 |   0.00 | $0.00      | $0.00      | 1.00
70         | 3    | 0      |   0.0 |   0.00 | $0.00      | $0.00      | 1.00
71         | 3    | 0      |   0.0 |   0.00 | $0.00      | $0.00      | 1.00
8010       | 3    | 1      | 100.0 |   0.00 | $4.00      | $0.00      | 0.00
8011       | 3    | 1      | 100.0 |   0.00 | $3.50      | $0.00      | 0.00
8110       | 3    | 0      |   0.0 |   0.00 | $0.00      | $0.00      | 1.00
8111       | 3    | 0      |   0.0 |   0.00 | $0.00      | $0.00      | 1.00
8310       | 3    | 0      |   0.0 |   0.00 | $0.00      | $0.00      | 1.00
8311       | 3    | 1      | 100.0 |   0.00 | $7.00      | $0.00      | 0.00
8200       | 3    | 0      |   0.0 |   0.00 | $0.00      | $0.00      | 1.00
8201       | 3    | 0      |   0.0 |   0.00 | $0.00      | $0.00      | 1.00
771        | 3    | 8      |  12.5 |  -0.02 | $-1.50     | $15.50     | 0.55
472        | 3    | 3      |  33.3 |  -0.04 | $-1.50     | $17.00     | 0.60
440        | 3    | 7      |  42.9 |  -0.06 | $-15.50    | $85.00     | 0.66
871        | 3    | 7      |  28.6 |  -0.06 | $-25.00    | $44.00     | 0.48
403        | 3    | 5      |  40.0 |  -0.08 | $-4.50     | $15.00     | 0.59
651        | 3    | 4      |  75.0 |  -0.08 | $-9.50     | $49.50     | 0.90
262        | 3    | 8      |  25.0 |  -0.17 | $-15.50    | $28.00     | 0.62
371        | 3    | 7      |  28.6 |  -0.19 | $-10.50    | $14.50     | 0.61
941        | 3    | 3      |  33.3 |  -0.23 | $-13.50    | $28.00     | 0.69
243        | 3    | 4      |  25.0 |  -0.24 | $-7.50     | $18.00     | 0.66
642        | 3    | 5      |  20.0 |  -0.25 | $-25.50    | $22.00     | 0.54
970        | 3    | 2      |  50.0 |  -0.25 | $-12.50    | $31.00     | 0.87
452        | 3    | 8      |  37.5 |  -0.27 | $-38.00    | $47.50     | 0.82
3211       | 3    | 6      |  33.3 |  -0.28 | $-31.50    | $39.50     | 0.75
463        | 3    | 2      |  50.0 |  -0.28 | $-25.00    | $56.50     | 0.91
602        | 3    | 6      |  33.3 |  -0.30 | $-18.50    | $30.00     | 0.76
843        | 3    | 8      |  25.0 |  -0.31 | $-51.00    | $64.00     | 0.72
980        | 3    | 3      |  33.3 |  -0.38 | $-27.50    | $4.50      | 0.68
672        | 3    | 6      |  33.3 |  -0.44 | $-39.00    | $46.00     | 0.87
671        | 3    | 7      |  42.9 |  -0.51 | $-117.00   | $118.50    | 1.03
1020       | 3    | 2      |  50.0 |  -0.52 | $-68.50    | $100.00    | 0.97
4111       | 3    | 2      |  50.0 |  -0.52 | $-5.50     | $0.00      | 0.77
910        | 3    | 3      |  33.3 |  -0.56 | $-20.50    | $19.50     | 0.89
422        | 3    | 8      |  12.5 |  -0.60 | $-40.50    | $38.50     | 0.73
650        | 3    | 8      |  25.0 |  -0.61 | $-88.50    | $95.00     | 1.08
8401       | 3    | 8      |  12.5 |  -0.66 | $-137.00   | $137.00    | 0.77
913        | 3    | 2      |  50.0 |  -0.67 | $-6.00     | $0.00      | 0.77
473        | 3    | 3      |  33.3 |  -0.69 | $-30.00    | $40.50     | 1.02
731        | 3    | 3      |   0.0 |  -0.81 | $-85.50    | $7.50      | 1.16
172        | 3    | 5      |  20.0 |  -0.87 | $-49.00    | $43.50     | 1.10
521        | 3    | 6      |  33.3 |  -0.87 | $-106.00   | $97.00     | 1.04
903        | 3    | 2      |  50.0 |  -0.94 | $-46.00    | $47.50     | 0.97
28         | 3    | 5      |  20.0 |  -0.97 | $-90.00    | $68.50     | 1.05
121        | 3    | 3      |  33.3 |  -0.97 | $-18.50    | $12.50     | 1.04
330        | 3    | 2      |   0.0 |  -1.00 | $-8.00     | $0.00      | 1.14
9010       | 3    | 2      |   0.0 |  -1.03 | $-35.00    | $34.50     | 1.14
171        | 3    | 2      |   0.0 |  -1.05 | $-42.50    | $1.00      | 1.14
250        | 3    | 3      |  33.3 |  -1.06 | $-17.50    | $18.50     | 1.04
633        | 3    | 8      |  25.0 |  -1.13 | $-65.00    | $63.50     | 1.12
332        | 3    | 5      |   0.0 |  -1.13 | $-148.50   | $69.00     | 1.20
670        | 3    | 9      |  11.1 |  -1.14 | $-105.00   | $97.00     | 1.10
540        | 3    | 2      |   0.0 |  -1.18 | $-6.50     | $6.00      | 1.14
263        | 3    | 8      |   0.0 |  -1.30 | $-65.00    | $49.00     | 1.26
663        | 3    | 5      |   0.0 |  -1.40 | $-52.00    | $32.00     | 1.20
522        | 3    | 4      |   0.0 |  -1.42 | $-30.50    | $19.50     | 1.18
601        | 3    | 2      |   0.0 |  -1.57 | $-5.50     | $1.00      | 1.14
45001      | 3    | 2      |   0.0 |  -1.61 | $-18.50    | $3.50      | 1.14
260        | 3    | 4      |   0.0 |  -1.61 | $-158.50   | $107.50    | 1.18
921        | 3    | 3      |   0.0 |  -1.66 | $-91.50    | $61.00     | 1.16
442        | 3    | 2      |   0.0 |  -1.80 | $-4.50     | $1.00      | 1.14
973        | 3    | 2      |   0.0 |  -1.82 | $-15.50    | $3.50      | 1.14
740        | 3    | 2      |   0.0 |  -2.11 | $-19.00    | $5.00      | 1.14
701        | 3    | 3      |   0.0 |  -2.27 | $-7.00     | $6.00      | 1.16
313        | 4    | 10     |  30.0 |   0.16 | $34.00     | $18.00     | 0.41
710        | 4    | 17     |  29.4 |   0.15 | $240.00    | $196.00    | 0.43
2410       | 4    | 39     |  33.3 |   0.15 | $287.50    | $141.50    | 0.43
872        | 4    | 26     |  34.6 |   0.14 | $144.00    | $157.50    | 0.57
482        | 4    | 21     |  28.6 |   0.13 | $129.50    | $137.00    | 0.47
691        | 4    | 21     |  23.8 |   0.10 | $148.00    | $179.00    | 0.50
471        | 4    | 41     |  29.3 |   0.09 | $88.00     | $59.50     | 0.46
342        | 4    | 52     |  34.6 |   0.09 | $163.50    | $314.00    | 0.61
32         | 4    | 133    |  32.3 |   0.08 | $252.50    | $347.00    | 0.58
880        | 4    | 157    |  32.5 |   0.07 | $752.50    | $433.50    | 0.54
974        | 4    | 23     |  34.8 |   0.04 | $18.00     | $71.00     | 0.50
702        | 4    | 20     |  25.0 |   0.04 | $12.50     | $58.00     | 0.56
131        | 4    | 137    |  33.6 |   0.03 | $313.00    | $1110.00   | 0.60
590        | 4    | 68     |  22.1 |   0.01 | $64.00     | $421.50    | 0.58
153        | 4    | 98     |  29.6 |   0.01 | $27.00     | $244.50    | 0.61
690        | 4    | 45     |  31.1 |   0.01 | $16.00     | $327.00    | 0.52
493        | 4    | 16     |  12.5 |  -0.00 | $-0.50     | $65.00     | 0.66
163        | 4    | 124    |  37.1 |  -0.01 | $-13.00    | $137.50    | 0.57
400        | 4    | 100    |  42.0 |  -0.01 | $-48.00    | $696.00    | 0.67
520        | 4    | 16     |  31.2 |  -0.01 | $-7.00     | $165.00    | 0.60
1621       | 4    | 24     |  41.7 |  -0.01 | $-8.00     | $116.00    | 0.56
582        | 4    | 13     |  30.8 |  -0.01 | $-3.50     | $113.00    | 0.73
92         | 4    | 155    |  27.7 |  -0.01 | $-43.00    | $426.00    | 0.61
852        | 4    | 18     |  33.3 |  -0.02 | $-18.50    | $199.00    | 0.51
451        | 4    | 68     |  35.3 |  -0.02 | $-10.00    | $77.00     | 0.58
530        | 4    | 11     |  54.5 |  -0.02 | $-4.00     | $46.00     | 0.64
661        | 4    | 10     |  20.0 |  -0.02 | $-4.50     | $46.00     | 0.52
90         | 4    | 201    |  39.3 |  -0.02 | $-164.00   | $668.00    | 0.64
553        | 4    | 50     |  40.0 |  -0.02 | $-15.50    | $117.00    | 0.58
570        | 4    | 117    |  35.0 |  -0.03 | $-140.50   | $805.50    | 0.67
141        | 4    | 127    |  40.2 |  -0.03 | $-113.00   | $277.00    | 0.59
552        | 4    | 222    |  31.1 |  -0.03 | $-118.50   | $258.50    | 0.56
1620       | 4    | 64     |  35.9 |  -0.04 | $-64.00    | $310.50    | 0.71
352        | 4    | 10     |  20.0 |  -0.04 | $-7.00     | $67.00     | 0.68
161        | 4    | 58     |  46.6 |  -0.05 | $-107.00   | $379.50    | 0.70
1201       | 4    | 43     |  32.6 |  -0.05 | $-46.00    | $183.50    | 0.67
480        | 4    | 23     |  26.1 |  -0.06 | $-15.00    | $56.50     | 0.60
140        | 4    | 172    |  34.9 |  -0.06 | $-252.50   | $482.00    | 0.63
340        | 4    | 20     |  25.0 |  -0.06 | $-26.50    | $116.50    | 0.65
110        | 4    | 22     |  40.9 |  -0.06 | $-34.50    | $65.50     | 0.55
500        | 4    | 25     |  36.0 |  -0.06 | $-30.00    | $102.50    | 0.69
453        | 4    | 52     |  34.6 |  -0.09 | $-102.50   | $158.00    | 0.61
122        | 4    | 117    |  32.5 |  -0.09 | $-224.00   | $476.50    | 0.70
421        | 4    | 20     |  45.0 |  -0.09 | $-21.00    | $66.50     | 0.66
350        | 4    | 27     |  44.4 |  -0.09 | $-57.50    | $98.00     | 0.66
551        | 4    | 110    |  37.3 |  -0.09 | $-598.50   | $720.50    | 0.64
881        | 4    | 43     |  25.6 |  -0.10 | $-129.50   | $351.50    | 0.72
531        | 4    | 11     |  36.4 |  -0.11 | $-17.00    | $34.50     | 0.59
681        | 4    | 48     |  31.2 |  -0.11 | $-210.50   | $249.00    | 0.64
693        | 4    | 88     |  27.3 |  -0.12 | $-289.00   | $390.00    | 0.66
902        | 4    | 10     |  30.0 |  -0.13 | $-17.00    | $36.00     | 0.62
240        | 4    | 50     |  30.0 |  -0.13 | $-214.00   | $273.50    | 0.74
550        | 4    | 128    |  36.7 |  -0.13 | $-897.00   | $1284.50   | 0.80
33         | 4    | 15     |  26.7 |  -0.14 | $-44.00    | $103.50    | 0.75
152        | 4    | 82     |  28.0 |  -0.14 | $-169.00   | $249.00    | 0.74
752        | 4    | 47     |  25.5 |  -0.16 | $-186.50   | $318.00    | 0.73
960        | 4    | 22     |  31.8 |  -0.16 | $-124.00   | $174.50    | 0.70
194        | 4    | 34     |  26.5 |  -0.17 | $-113.00   | $191.50    | 0.77
592        | 4    | 112    |  28.6 |  -0.18 | $-413.00   | $448.50    | 0.74
86         | 4    | 12     |  41.7 |  -0.19 | $-195.50   | $388.50    | 0.84
494        | 4    | 22     |  36.4 |  -0.19 | $-54.50    | $99.50     | 0.79
604        | 4    | 22     |  27.3 |  -0.20 | $-74.50    | $115.50    | 0.71
900        | 4    | 19     |  42.1 |  -0.22 | $-119.50   | $180.50    | 0.95
402        | 4    | 24     |  29.2 |  -0.24 | $-62.00    | $63.00     | 0.75
370        | 4    | 10     |  40.0 |  -0.25 | $-39.00    | $58.50     | 0.88
692        | 4    | 82     |  24.4 |  -0.29 | $-532.00   | $708.50    | 0.84
341        | 4    | 25     |  40.0 |  -0.29 | $-328.00   | $517.00    | 0.92
732        | 4    | 22     |  27.3 |  -0.29 | $-80.50    | $89.50     | 0.93
741        | 4    | 28     |  35.7 |  -0.30 | $-177.50   | $151.00    | 0.91
9611       | 4    | 70     |  28.6 |  -0.32 | $-313.00   | $330.00    | 0.88
4110       | 4    | 14     |  28.6 |  -0.32 | $-188.50   | $259.50    | 0.80
490        | 4    | 14     |  42.9 |  -0.33 | $-124.00   | $149.00    | 1.03
380        | 4    | 12     |  33.3 |  -0.35 | $-53.50    | $58.00     | 0.81
190        | 4    | 38     |  26.3 |  -0.37 | $-732.50   | $799.50    | 0.85
682        | 4    | 14     |  28.6 |  -0.38 | $-87.00    | $85.00     | 0.85
611        | 4    | 16     |  25.0 |  -0.39 | $-83.50    | $81.00     | 0.87
680        | 4    | 20     |  30.0 |  -0.39 | $-324.00   | $407.50    | 0.96
962        | 4    | 10     |  30.0 |  -0.41 | $-100.00   | $103.00    | 1.11
750        | 4    | 28     |  32.1 |  -0.44 | $-1666.00  | $1734.50   | 1.09
242        | 4    | 21     |  23.8 |  -0.45 | $-82.50    | $90.50     | 0.80
583        | 4    | 11     |  27.3 |  -0.62 | $-145.50   | $117.50    | 1.01
413        | 4    | 14     |   7.1 |  -0.63 | $-299.00   | $286.50    | 1.06
420        | 4    | 10     |  10.0 |  -0.67 | $-319.50   | $255.00    | 0.85
133        | 4    | 17     |  29.4 |  -0.71 | $-111.00   | $103.00    | 1.09
9011       | 4    | 10     |   0.0 |  -0.93 | $-185.00   | $175.50    | 1.30
191        | 4    | 21     |   9.5 |  -1.10 | $-236.00   | $229.50    | 0.97

Saved 6 Tier 1 strategies to checkpoints_pre_snowflake\production_playbook.pkl

TIER SUMMARY:
  Tier 1 (PRODUCTION): 6 templates
  Tier 2 (PROMISING): 30 templates
  Tier 3 (UNPROVEN): 245 templates
  Tier 4 (TOXIC): 86 templates

ANCESTRY ANALYSIS (Tier 1):
  Roche-backed: 3
  Structure-backed: 3

================================================================================
PARETO ANALYSIS  (top contributors to gross profit)
================================================================================
  Gross profit from winning trades: $191,711.00  (3,679 wins of 9,720 total)

  -- BY TEMPLATE --
  Key                       PnL  Trades    Cum%
  1                  $32,933.50     288    17.2%
  10                 $31,405.50     123    33.6%
  0                  $23,786.50     204    46.0%
  11                 $ 4,557.00      20    48.3%
  880                $ 3,528.00      51    50.2%
  151                $ 3,477.50      95    52.0%
  640                $ 2,947.50      44    53.5%
  30                 $ 2,823.50      87    55.0%
  90                 $ 2,801.00      79    56.5%
  131                $ 2,723.00      46    57.9%
  => 41 of 251 keys (16%) drive 80% of profit

  -- BY DIRECTION --
  Key                       PnL  Trades    Cum%
  SHORT              $99,905.00   1,821    52.1%
  LONG               $91,806.00   1,858   100.0% <-- 80%
  => 2 of 2 keys (100%) drive 80% of profit

  -- BY ORACLE LABEL --
  Key                       PnL  Trades    Cum%
  MEGA_LONG          $61,963.50   1,233    32.3%
  MEGA_SHORT         $50,544.50   1,094    58.7%
  SCALP_SHORT        $29,790.50     473    74.2%
  SCALP_LONG         $29,447.50     497    89.6% <-- 80%
  NOISE              $19,934.50     381   100.0%
  WORKER_BYPASS      $    30.50       1   100.0%
  => 4 of 6 keys (67%) drive 80% of profit
