
STRATEGY PERFORMANCE REPORT
ID         | Tier | Trades | Win%  | Sharpe | PnL        | MaxDD      | Risk 
-------------------------------------------------------------------------------------
321        | 1    | 39     |  56.4 |   0.30 | $316.00    | $83.00     | 0.40
341        | 2    | 17     |  64.7 |   0.64 | $102.50    | $11.00     | 0.29
315        | 2    | 71     |  47.9 |   0.28 | $277.00    | $61.50     | 0.45
339        | 2    | 19     |  47.4 |   0.25 | $42.50     | $21.50     | 0.44
295        | 2    | 48     |  52.1 |   0.23 | $228.00    | $68.50     | 0.51
1          | 2    | 177    |  56.5 |   0.23 | $1476.50   | $226.00    | 0.42
366        | 2    | 45     |  46.7 |   0.23 | $86.50     | $35.50     | 0.47
4          | 2    | 106    |  60.4 |   0.19 | $1377.00   | $196.00    | 0.44
331        | 2    | 40     |  42.5 |   0.15 | $81.00     | $40.50     | 0.44
326        | 2    | 142    |  46.5 |   0.14 | $588.50    | $168.00    | 0.51
294        | 2    | 156    |  42.3 |   0.12 | $280.00    | $132.50    | 0.56
320        | 2    | 25     |  44.0 |   0.07 | $38.00     | $110.00    | 0.54
284        | 2    | 78     |  42.3 |   0.04 | $69.00     | $212.00    | 0.56
26         | 3    | 8      |  87.5 |   1.69 | $94.50     | $0.00      | 0.14
307        | 3    | 5      |  60.0 |   0.82 | $121.00    | $5.00      | 0.18
360        | 3    | 2      |  50.0 |   0.62 | $14.50     | $0.00      | 0.24
272        | 3    | 4      |  50.0 |   0.48 | $19.50     | $9.50      | 0.35
277        | 3    | 2      |  50.0 |   0.43 | $6.00      | $0.00      | 0.29
367        | 3    | 2      |  50.0 |   0.37 | $6.00      | $0.00      | 0.31
362        | 3    | 4      |  75.0 |   0.34 | $29.00     | $29.00     | 0.64
280        | 3    | 41     |  36.6 |   0.28 | $674.50    | $98.50     | 0.36
309        | 3    | 5      |  60.0 |   0.20 | $13.00     | $25.50     | 0.59
281        | 3    | 33     |  36.4 |   0.20 | $210.50    | $113.50    | 0.51
312        | 3    | 6      |  33.3 |   0.18 | $73.50     | $111.50    | 0.49
296        | 3    | 227    |  38.8 |   0.16 | $682.50    | $140.50    | 0.50
306        | 3    | 15     |  40.0 |   0.15 | $37.00     | $30.50     | 0.43
343        | 3    | 88     |  37.5 |   0.15 | $153.00    | $75.50     | 0.52
336        | 3    | 13     |  38.5 |   0.13 | $13.50     | $25.50     | 0.52
308        | 3    | 79     |  39.2 |   0.13 | $129.00    | $87.50     | 0.48
300        | 3    | 144    |  37.5 |   0.12 | $246.50    | $89.50     | 0.48
382        | 3    | 27     |  37.0 |   0.12 | $45.00     | $29.50     | 0.43
322        | 3    | 28     |  35.7 |   0.11 | $46.00     | $57.50     | 0.48
348        | 3    | 7      |  42.9 |   0.09 | $5.50      | $18.00     | 0.55
340        | 3    | 28     |  35.7 |   0.08 | $31.50     | $62.50     | 0.52
313        | 3    | 246    |  39.4 |   0.07 | $341.50    | $252.50    | 0.57
350        | 3    | 42     |  35.7 |   0.04 | $37.50     | $117.50    | 0.57
316        | 3    | 2      |  50.0 |   0.03 | $0.50      | $9.50      | 0.64
188        | 3    | 0      |   0.0 |   0.00 | $0.00      | $0.00      | 1.00
55         | 3    | 0      |   0.0 |   0.00 | $0.00      | $0.00      | 1.00
222        | 3    | 0      |   0.0 |   0.00 | $0.00      | $0.00      | 1.00
172        | 3    | 0      |   0.0 |   0.00 | $0.00      | $0.00      | 1.00
143        | 3    | 0      |   0.0 |   0.00 | $0.00      | $0.00      | 1.00
198        | 3    | 0      |   0.0 |   0.00 | $0.00      | $0.00      | 1.00
370        | 3    | 0      |   0.0 |   0.00 | $0.00      | $0.00      | 1.00
212        | 3    | 0      |   0.0 |   0.00 | $0.00      | $0.00      | 1.00
166        | 3    | 0      |   0.0 |   0.00 | $0.00      | $0.00      | 1.00
245        | 3    | 0      |   0.0 |   0.00 | $0.00      | $0.00      | 1.00
129        | 3    | 0      |   0.0 |   0.00 | $0.00      | $0.00      | 1.00
187        | 3    | 0      |   0.0 |   0.00 | $0.00      | $0.00      | 1.00
18         | 3    | 0      |   0.0 |   0.00 | $0.00      | $0.00      | 1.00
246        | 3    | 0      |   0.0 |   0.00 | $0.00      | $0.00      | 1.00
39         | 3    | 0      |   0.0 |   0.00 | $0.00      | $0.00      | 1.00
247        | 3    | 0      |   0.0 |   0.00 | $0.00      | $0.00      | 1.00
160        | 3    | 0      |   0.0 |   0.00 | $0.00      | $0.00      | 1.00
182        | 3    | 0      |   0.0 |   0.00 | $0.00      | $0.00      | 1.00
135        | 3    | 0      |   0.0 |   0.00 | $0.00      | $0.00      | 1.00
33         | 3    | 0      |   0.0 |   0.00 | $0.00      | $0.00      | 1.00
87         | 3    | 0      |   0.0 |   0.00 | $0.00      | $0.00      | 1.00
228        | 3    | 0      |   0.0 |   0.00 | $0.00      | $0.00      | 1.00
64         | 3    | 0      |   0.0 |   0.00 | $0.00      | $0.00      | 1.00
89         | 3    | 0      |   0.0 |   0.00 | $0.00      | $0.00      | 1.00
127        | 3    | 0      |   0.0 |   0.00 | $0.00      | $0.00      | 1.00
138        | 3    | 0      |   0.0 |   0.00 | $0.00      | $0.00      | 1.00
204        | 3    | 0      |   0.0 |   0.00 | $0.00      | $0.00      | 1.00
218        | 3    | 0      |   0.0 |   0.00 | $0.00      | $0.00      | 1.00
389        | 3    | 0      |   0.0 |   0.00 | $0.00      | $0.00      | 1.00
81         | 3    | 0      |   0.0 |   0.00 | $0.00      | $0.00      | 1.00
84         | 3    | 0      |   0.0 |   0.00 | $0.00      | $0.00      | 1.00
90         | 3    | 0      |   0.0 |   0.00 | $0.00      | $0.00      | 1.00
107        | 3    | 0      |   0.0 |   0.00 | $0.00      | $0.00      | 1.00
126        | 3    | 0      |   0.0 |   0.00 | $0.00      | $0.00      | 1.00
130        | 3    | 0      |   0.0 |   0.00 | $0.00      | $0.00      | 1.00
161        | 3    | 0      |   0.0 |   0.00 | $0.00      | $0.00      | 1.00
163        | 3    | 0      |   0.0 |   0.00 | $0.00      | $0.00      | 1.00
167        | 3    | 0      |   0.0 |   0.00 | $0.00      | $0.00      | 1.00
206        | 3    | 0      |   0.0 |   0.00 | $0.00      | $0.00      | 1.00
378        | 3    | 0      |   0.0 |   0.00 | $0.00      | $0.00      | 1.00
388        | 3    | 0      |   0.0 |   0.00 | $0.00      | $0.00      | 1.00
392        | 3    | 0      |   0.0 |   0.00 | $0.00      | $0.00      | 1.00
395        | 3    | 0      |   0.0 |   0.00 | $0.00      | $0.00      | 1.00
34         | 3    | 0      |   0.0 |   0.00 | $0.00      | $0.00      | 1.00
43         | 3    | 0      |   0.0 |   0.00 | $0.00      | $0.00      | 1.00
82         | 3    | 0      |   0.0 |   0.00 | $0.00      | $0.00      | 1.00
92         | 3    | 0      |   0.0 |   0.00 | $0.00      | $0.00      | 1.00
100        | 3    | 0      |   0.0 |   0.00 | $0.00      | $0.00      | 1.00
165        | 3    | 0      |   0.0 |   0.00 | $0.00      | $0.00      | 1.00
178        | 3    | 0      |   0.0 |   0.00 | $0.00      | $0.00      | 1.00
230        | 3    | 0      |   0.0 |   0.00 | $0.00      | $0.00      | 1.00
345        | 3    | 0      |   0.0 |   0.00 | $0.00      | $0.00      | 1.00
32         | 3    | 0      |   0.0 |   0.00 | $0.00      | $0.00      | 1.00
37         | 3    | 0      |   0.0 |   0.00 | $0.00      | $0.00      | 1.00
40         | 3    | 0      |   0.0 |   0.00 | $0.00      | $0.00      | 1.00
47         | 3    | 0      |   0.0 |   0.00 | $0.00      | $0.00      | 1.00
85         | 3    | 0      |   0.0 |   0.00 | $0.00      | $0.00      | 1.00
219        | 3    | 0      |   0.0 |   0.00 | $0.00      | $0.00      | 1.00
236        | 3    | 0      |   0.0 |   0.00 | $0.00      | $0.00      | 1.00
359        | 3    | 0      |   0.0 |   0.00 | $0.00      | $0.00      | 1.00
16         | 3    | 0      |   0.0 |   0.00 | $0.00      | $0.00      | 1.00
20         | 3    | 0      |   0.0 |   0.00 | $0.00      | $0.00      | 1.00
22         | 3    | 0      |   0.0 |   0.00 | $0.00      | $0.00      | 1.00
59         | 3    | 0      |   0.0 |   0.00 | $0.00      | $0.00      | 1.00
70         | 3    | 0      |   0.0 |   0.00 | $0.00      | $0.00      | 1.00
73         | 3    | 0      |   0.0 |   0.00 | $0.00      | $0.00      | 1.00
133        | 3    | 0      |   0.0 |   0.00 | $0.00      | $0.00      | 1.00
153        | 3    | 0      |   0.0 |   0.00 | $0.00      | $0.00      | 1.00
170        | 3    | 0      |   0.0 |   0.00 | $0.00      | $0.00      | 1.00
186        | 3    | 0      |   0.0 |   0.00 | $0.00      | $0.00      | 1.00
193        | 3    | 0      |   0.0 |   0.00 | $0.00      | $0.00      | 1.00
197        | 3    | 0      |   0.0 |   0.00 | $0.00      | $0.00      | 1.00
244        | 3    | 0      |   0.0 |   0.00 | $0.00      | $0.00      | 1.00
249        | 3    | 0      |   0.0 |   0.00 | $0.00      | $0.00      | 1.00
250        | 3    | 0      |   0.0 |   0.00 | $0.00      | $0.00      | 1.00
36         | 3    | 0      |   0.0 |   0.00 | $0.00      | $0.00      | 1.00
54         | 3    | 0      |   0.0 |   0.00 | $0.00      | $0.00      | 1.00
63         | 3    | 0      |   0.0 |   0.00 | $0.00      | $0.00      | 1.00
66         | 3    | 0      |   0.0 |   0.00 | $0.00      | $0.00      | 1.00
67         | 3    | 0      |   0.0 |   0.00 | $0.00      | $0.00      | 1.00
97         | 3    | 0      |   0.0 |   0.00 | $0.00      | $0.00      | 1.00
139        | 3    | 0      |   0.0 |   0.00 | $0.00      | $0.00      | 1.00
213        | 3    | 0      |   0.0 |   0.00 | $0.00      | $0.00      | 1.00
9          | 3    | 0      |   0.0 |   0.00 | $0.00      | $0.00      | 1.00
27         | 3    | 0      |   0.0 |   0.00 | $0.00      | $0.00      | 1.00
29         | 3    | 0      |   0.0 |   0.00 | $0.00      | $0.00      | 1.00
74         | 3    | 0      |   0.0 |   0.00 | $0.00      | $0.00      | 1.00
76         | 3    | 0      |   0.0 |   0.00 | $0.00      | $0.00      | 1.00
78         | 3    | 0      |   0.0 |   0.00 | $0.00      | $0.00      | 1.00
88         | 3    | 0      |   0.0 |   0.00 | $0.00      | $0.00      | 1.00
93         | 3    | 0      |   0.0 |   0.00 | $0.00      | $0.00      | 1.00
109        | 3    | 0      |   0.0 |   0.00 | $0.00      | $0.00      | 1.00
113        | 3    | 0      |   0.0 |   0.00 | $0.00      | $0.00      | 1.00
120        | 3    | 0      |   0.0 |   0.00 | $0.00      | $0.00      | 1.00
154        | 3    | 0      |   0.0 |   0.00 | $0.00      | $0.00      | 1.00
162        | 3    | 0      |   0.0 |   0.00 | $0.00      | $0.00      | 1.00
221        | 3    | 0      |   0.0 |   0.00 | $0.00      | $0.00      | 1.00
223        | 3    | 0      |   0.0 |   0.00 | $0.00      | $0.00      | 1.00
226        | 3    | 0      |   0.0 |   0.00 | $0.00      | $0.00      | 1.00
235        | 3    | 0      |   0.0 |   0.00 | $0.00      | $0.00      | 1.00
375        | 3    | 0      |   0.0 |   0.00 | $0.00      | $0.00      | 1.00
24         | 3    | 0      |   0.0 |   0.00 | $0.00      | $0.00      | 1.00
57         | 3    | 0      |   0.0 |   0.00 | $0.00      | $0.00      | 1.00
58         | 3    | 0      |   0.0 |   0.00 | $0.00      | $0.00      | 1.00
79         | 3    | 0      |   0.0 |   0.00 | $0.00      | $0.00      | 1.00
144        | 3    | 0      |   0.0 |   0.00 | $0.00      | $0.00      | 1.00
164        | 3    | 0      |   0.0 |   0.00 | $0.00      | $0.00      | 1.00
196        | 3    | 0      |   0.0 |   0.00 | $0.00      | $0.00      | 1.00
199        | 3    | 0      |   0.0 |   0.00 | $0.00      | $0.00      | 1.00
202        | 3    | 0      |   0.0 |   0.00 | $0.00      | $0.00      | 1.00
220        | 3    | 0      |   0.0 |   0.00 | $0.00      | $0.00      | 1.00
231        | 3    | 0      |   0.0 |   0.00 | $0.00      | $0.00      | 1.00
252        | 3    | 0      |   0.0 |   0.00 | $0.00      | $0.00      | 1.00
351        | 3    | 0      |   0.0 |   0.00 | $0.00      | $0.00      | 1.00
391        | 3    | 0      |   0.0 |   0.00 | $0.00      | $0.00      | 1.00
11         | 3    | 0      |   0.0 |   0.00 | $0.00      | $0.00      | 1.00
35         | 3    | 0      |   0.0 |   0.00 | $0.00      | $0.00      | 1.00
45         | 3    | 0      |   0.0 |   0.00 | $0.00      | $0.00      | 1.00
50         | 3    | 0      |   0.0 |   0.00 | $0.00      | $0.00      | 1.00
62         | 3    | 0      |   0.0 |   0.00 | $0.00      | $0.00      | 1.00
105        | 3    | 0      |   0.0 |   0.00 | $0.00      | $0.00      | 1.00
150        | 3    | 0      |   0.0 |   0.00 | $0.00      | $0.00      | 1.00
171        | 3    | 0      |   0.0 |   0.00 | $0.00      | $0.00      | 1.00
173        | 3    | 0      |   0.0 |   0.00 | $0.00      | $0.00      | 1.00
180        | 3    | 0      |   0.0 |   0.00 | $0.00      | $0.00      | 1.00
181        | 3    | 0      |   0.0 |   0.00 | $0.00      | $0.00      | 1.00
191        | 3    | 0      |   0.0 |   0.00 | $0.00      | $0.00      | 1.00
200        | 3    | 0      |   0.0 |   0.00 | $0.00      | $0.00      | 1.00
209        | 3    | 0      |   0.0 |   0.00 | $0.00      | $0.00      | 1.00
232        | 3    | 0      |   0.0 |   0.00 | $0.00      | $0.00      | 1.00
248        | 3    | 0      |   0.0 |   0.00 | $0.00      | $0.00      | 1.00
251        | 3    | 0      |   0.0 |   0.00 | $0.00      | $0.00      | 1.00
25         | 3    | 0      |   0.0 |   0.00 | $0.00      | $0.00      | 1.00
77         | 3    | 0      |   0.0 |   0.00 | $0.00      | $0.00      | 1.00
115        | 3    | 0      |   0.0 |   0.00 | $0.00      | $0.00      | 1.00
157        | 3    | 0      |   0.0 |   0.00 | $0.00      | $0.00      | 1.00
185        | 3    | 0      |   0.0 |   0.00 | $0.00      | $0.00      | 1.00
6          | 3    | 0      |   0.0 |   0.00 | $0.00      | $0.00      | 1.00
31         | 3    | 0      |   0.0 |   0.00 | $0.00      | $0.00      | 1.00
53         | 3    | 0      |   0.0 |   0.00 | $0.00      | $0.00      | 1.00
65         | 3    | 0      |   0.0 |   0.00 | $0.00      | $0.00      | 1.00
75         | 3    | 0      |   0.0 |   0.00 | $0.00      | $0.00      | 1.00
91         | 3    | 0      |   0.0 |   0.00 | $0.00      | $0.00      | 1.00
99         | 3    | 0      |   0.0 |   0.00 | $0.00      | $0.00      | 1.00
123        | 3    | 0      |   0.0 |   0.00 | $0.00      | $0.00      | 1.00
132        | 3    | 0      |   0.0 |   0.00 | $0.00      | $0.00      | 1.00
136        | 3    | 0      |   0.0 |   0.00 | $0.00      | $0.00      | 1.00
155        | 3    | 0      |   0.0 |   0.00 | $0.00      | $0.00      | 1.00
176        | 3    | 0      |   0.0 |   0.00 | $0.00      | $0.00      | 1.00
189        | 3    | 0      |   0.0 |   0.00 | $0.00      | $0.00      | 1.00
234        | 3    | 0      |   0.0 |   0.00 | $0.00      | $0.00      | 1.00
240        | 3    | 0      |   0.0 |   0.00 | $0.00      | $0.00      | 1.00
12         | 3    | 0      |   0.0 |   0.00 | $0.00      | $0.00      | 1.00
13         | 3    | 0      |   0.0 |   0.00 | $0.00      | $0.00      | 1.00
23         | 3    | 0      |   0.0 |   0.00 | $0.00      | $0.00      | 1.00
52         | 3    | 0      |   0.0 |   0.00 | $0.00      | $0.00      | 1.00
94         | 3    | 0      |   0.0 |   0.00 | $0.00      | $0.00      | 1.00
103        | 3    | 0      |   0.0 |   0.00 | $0.00      | $0.00      | 1.00
110        | 3    | 0      |   0.0 |   0.00 | $0.00      | $0.00      | 1.00
111        | 3    | 0      |   0.0 |   0.00 | $0.00      | $0.00      | 1.00
118        | 3    | 0      |   0.0 |   0.00 | $0.00      | $0.00      | 1.00
124        | 3    | 0      |   0.0 |   0.00 | $0.00      | $0.00      | 1.00
145        | 3    | 0      |   0.0 |   0.00 | $0.00      | $0.00      | 1.00
148        | 3    | 0      |   0.0 |   0.00 | $0.00      | $0.00      | 1.00
168        | 3    | 0      |   0.0 |   0.00 | $0.00      | $0.00      | 1.00
237        | 3    | 0      |   0.0 |   0.00 | $0.00      | $0.00      | 1.00
273        | 3    | 0      |   0.0 |   0.00 | $0.00      | $0.00      | 1.00
347        | 3    | 0      |   0.0 |   0.00 | $0.00      | $0.00      | 1.00
371        | 3    | 0      |   0.0 |   0.00 | $0.00      | $0.00      | 1.00
387        | 3    | 0      |   0.0 |   0.00 | $0.00      | $0.00      | 1.00
394        | 3    | 0      |   0.0 |   0.00 | $0.00      | $0.00      | 1.00
42         | 3    | 0      |   0.0 |   0.00 | $0.00      | $0.00      | 1.00
44         | 3    | 0      |   0.0 |   0.00 | $0.00      | $0.00      | 1.00
68         | 3    | 0      |   0.0 |   0.00 | $0.00      | $0.00      | 1.00
69         | 3    | 0      |   0.0 |   0.00 | $0.00      | $0.00      | 1.00
83         | 3    | 0      |   0.0 |   0.00 | $0.00      | $0.00      | 1.00
108        | 3    | 0      |   0.0 |   0.00 | $0.00      | $0.00      | 1.00
119        | 3    | 0      |   0.0 |   0.00 | $0.00      | $0.00      | 1.00
121        | 3    | 0      |   0.0 |   0.00 | $0.00      | $0.00      | 1.00
137        | 3    | 0      |   0.0 |   0.00 | $0.00      | $0.00      | 1.00
141        | 3    | 0      |   0.0 |   0.00 | $0.00      | $0.00      | 1.00
147        | 3    | 0      |   0.0 |   0.00 | $0.00      | $0.00      | 1.00
174        | 3    | 0      |   0.0 |   0.00 | $0.00      | $0.00      | 1.00
177        | 3    | 0      |   0.0 |   0.00 | $0.00      | $0.00      | 1.00
192        | 3    | 0      |   0.0 |   0.00 | $0.00      | $0.00      | 1.00
216        | 3    | 0      |   0.0 |   0.00 | $0.00      | $0.00      | 1.00
239        | 3    | 0      |   0.0 |   0.00 | $0.00      | $0.00      | 1.00
242        | 3    | 0      |   0.0 |   0.00 | $0.00      | $0.00      | 1.00
302        | 3    | 0      |   0.0 |   0.00 | $0.00      | $0.00      | 1.00
96         | 3    | 0      |   0.0 |   0.00 | $0.00      | $0.00      | 1.00
114        | 3    | 0      |   0.0 |   0.00 | $0.00      | $0.00      | 1.00
233        | 3    | 0      |   0.0 |   0.00 | $0.00      | $0.00      | 1.00
376        | 3    | 0      |   0.0 |   0.00 | $0.00      | $0.00      | 1.00
86         | 3    | 0      |   0.0 |   0.00 | $0.00      | $0.00      | 1.00
106        | 3    | 0      |   0.0 |   0.00 | $0.00      | $0.00      | 1.00
142        | 3    | 0      |   0.0 |   0.00 | $0.00      | $0.00      | 1.00
149        | 3    | 0      |   0.0 |   0.00 | $0.00      | $0.00      | 1.00
179        | 3    | 0      |   0.0 |   0.00 | $0.00      | $0.00      | 1.00
210        | 3    | 0      |   0.0 |   0.00 | $0.00      | $0.00      | 1.00
225        | 3    | 0      |   0.0 |   0.00 | $0.00      | $0.00      | 1.00
368        | 3    | 0      |   0.0 |   0.00 | $0.00      | $0.00      | 1.00
385        | 3    | 0      |   0.0 |   0.00 | $0.00      | $0.00      | 1.00
30         | 3    | 0      |   0.0 |   0.00 | $0.00      | $0.00      | 1.00
41         | 3    | 0      |   0.0 |   0.00 | $0.00      | $0.00      | 1.00
49         | 3    | 0      |   0.0 |   0.00 | $0.00      | $0.00      | 1.00
146        | 3    | 0      |   0.0 |   0.00 | $0.00      | $0.00      | 1.00
183        | 3    | 0      |   0.0 |   0.00 | $0.00      | $0.00      | 1.00
254        | 3    | 0      |   0.0 |   0.00 | $0.00      | $0.00      | 1.00
333        | 3    | 0      |   0.0 |   0.00 | $0.00      | $0.00      | 1.00
7          | 3    | 0      |   0.0 |   0.00 | $0.00      | $0.00      | 1.00
8          | 3    | 0      |   0.0 |   0.00 | $0.00      | $0.00      | 1.00
14         | 3    | 0      |   0.0 |   0.00 | $0.00      | $0.00      | 1.00
152        | 3    | 0      |   0.0 |   0.00 | $0.00      | $0.00      | 1.00
156        | 3    | 0      |   0.0 |   0.00 | $0.00      | $0.00      | 1.00
159        | 3    | 0      |   0.0 |   0.00 | $0.00      | $0.00      | 1.00
190        | 3    | 0      |   0.0 |   0.00 | $0.00      | $0.00      | 1.00
215        | 3    | 0      |   0.0 |   0.00 | $0.00      | $0.00      | 1.00
227        | 3    | 0      |   0.0 |   0.00 | $0.00      | $0.00      | 1.00
241        | 3    | 0      |   0.0 |   0.00 | $0.00      | $0.00      | 1.00
10         | 3    | 0      |   0.0 |   0.00 | $0.00      | $0.00      | 1.00
15         | 3    | 0      |   0.0 |   0.00 | $0.00      | $0.00      | 1.00
98         | 3    | 0      |   0.0 |   0.00 | $0.00      | $0.00      | 1.00
102        | 3    | 0      |   0.0 |   0.00 | $0.00      | $0.00      | 1.00
117        | 3    | 0      |   0.0 |   0.00 | $0.00      | $0.00      | 1.00
151        | 3    | 0      |   0.0 |   0.00 | $0.00      | $0.00      | 1.00
158        | 3    | 0      |   0.0 |   0.00 | $0.00      | $0.00      | 1.00
169        | 3    | 0      |   0.0 |   0.00 | $0.00      | $0.00      | 1.00
224        | 3    | 0      |   0.0 |   0.00 | $0.00      | $0.00      | 1.00
238        | 3    | 0      |   0.0 |   0.00 | $0.00      | $0.00      | 1.00
264        | 3    | 1      | 100.0 |   0.00 | $13.50     | $0.00      | 0.00
268        | 3    | 0      |   0.0 |   0.00 | $0.00      | $0.00      | 1.00
318        | 3    | 0      |   0.0 |   0.00 | $0.00      | $0.00      | 1.00
390        | 3    | 0      |   0.0 |   0.00 | $0.00      | $0.00      | 1.00
28         | 3    | 0      |   0.0 |   0.00 | $0.00      | $0.00      | 1.00
46         | 3    | 0      |   0.0 |   0.00 | $0.00      | $0.00      | 1.00
56         | 3    | 0      |   0.0 |   0.00 | $0.00      | $0.00      | 1.00
60         | 3    | 0      |   0.0 |   0.00 | $0.00      | $0.00      | 1.00
61         | 3    | 0      |   0.0 |   0.00 | $0.00      | $0.00      | 1.00
104        | 3    | 0      |   0.0 |   0.00 | $0.00      | $0.00      | 1.00
125        | 3    | 0      |   0.0 |   0.00 | $0.00      | $0.00      | 1.00
184        | 3    | 0      |   0.0 |   0.00 | $0.00      | $0.00      | 1.00
243        | 3    | 0      |   0.0 |   0.00 | $0.00      | $0.00      | 1.00
253        | 3    | 0      |   0.0 |   0.00 | $0.00      | $0.00      | 1.00
338        | 3    | 0      |   0.0 |   0.00 | $0.00      | $0.00      | 1.00
372        | 3    | 0      |   0.0 |   0.00 | $0.00      | $0.00      | 1.00
374        | 3    | 1      | 100.0 |   0.00 | $10.00     | $0.00      | 0.00
380        | 3    | 0      |   0.0 |   0.00 | $0.00      | $0.00      | 1.00
38         | 3    | 0      |   0.0 |   0.00 | $0.00      | $0.00      | 1.00
131        | 3    | 0      |   0.0 |   0.00 | $0.00      | $0.00      | 1.00
201        | 3    | 0      |   0.0 |   0.00 | $0.00      | $0.00      | 1.00
255        | 3    | 0      |   0.0 |   0.00 | $0.00      | $0.00      | 1.00
335        | 3    | 0      |   0.0 |   0.00 | $0.00      | $0.00      | 1.00
337        | 3    | 0      |   0.0 |   0.00 | $0.00      | $0.00      | 1.00
17         | 3    | 0      |   0.0 |   0.00 | $0.00      | $0.00      | 1.00
21         | 3    | 0      |   0.0 |   0.00 | $0.00      | $0.00      | 1.00
48         | 3    | 0      |   0.0 |   0.00 | $0.00      | $0.00      | 1.00
51         | 3    | 0      |   0.0 |   0.00 | $0.00      | $0.00      | 1.00
194        | 3    | 0      |   0.0 |   0.00 | $0.00      | $0.00      | 1.00
207        | 3    | 0      |   0.0 |   0.00 | $0.00      | $0.00      | 1.00
208        | 3    | 0      |   0.0 |   0.00 | $0.00      | $0.00      | 1.00
217        | 3    | 0      |   0.0 |   0.00 | $0.00      | $0.00      | 1.00
260        | 3    | 0      |   0.0 |   0.00 | $0.00      | $0.00      | 1.00
327        | 3    | 0      |   0.0 |   0.00 | $0.00      | $0.00      | 1.00
72         | 3    | 0      |   0.0 |   0.00 | $0.00      | $0.00      | 1.00
80         | 3    | 0      |   0.0 |   0.00 | $0.00      | $0.00      | 1.00
205        | 3    | 0      |   0.0 |   0.00 | $0.00      | $0.00      | 1.00
377        | 3    | 0      |   0.0 |   0.00 | $0.00      | $0.00      | 1.00
112        | 3    | 0      |   0.0 |   0.00 | $0.00      | $0.00      | 1.00
134        | 3    | 0      |   0.0 |   0.00 | $0.00      | $0.00      | 1.00
195        | 3    | 0      |   0.0 |   0.00 | $0.00      | $0.00      | 1.00
266        | 3    | 0      |   0.0 |   0.00 | $0.00      | $0.00      | 1.00
289        | 3    | 0      |   0.0 |   0.00 | $0.00      | $0.00      | 1.00
352        | 3    | 0      |   0.0 |   0.00 | $0.00      | $0.00      | 1.00
95         | 3    | 0      |   0.0 |   0.00 | $0.00      | $0.00      | 1.00
101        | 3    | 0      |   0.0 |   0.00 | $0.00      | $0.00      | 1.00
314        | 3    | 0      |   0.0 |   0.00 | $0.00      | $0.00      | 1.00
379        | 3    | 0      |   0.0 |   0.00 | $0.00      | $0.00      | 1.00
383        | 3    | 0      |   0.0 |   0.00 | $0.00      | $0.00      | 1.00
393        | 3    | 0      |   0.0 |   0.00 | $0.00      | $0.00      | 1.00
71         | 3    | 0      |   0.0 |   0.00 | $0.00      | $0.00      | 1.00
116        | 3    | 0      |   0.0 |   0.00 | $0.00      | $0.00      | 1.00
140        | 3    | 0      |   0.0 |   0.00 | $0.00      | $0.00      | 1.00
175        | 3    | 0      |   0.0 |   0.00 | $0.00      | $0.00      | 1.00
214        | 3    | 0      |   0.0 |   0.00 | $0.00      | $0.00      | 1.00
270        | 3    | 0      |   0.0 |   0.00 | $0.00      | $0.00      | 1.00
19         | 3    | 0      |   0.0 |   0.00 | $0.00      | $0.00      | 1.00
229        | 3    | 0      |   0.0 |   0.00 | $0.00      | $0.00      | 1.00
257        | 3    | 0      |   0.0 |   0.00 | $0.00      | $0.00      | 1.00
261        | 3    | 0      |   0.0 |   0.00 | $0.00      | $0.00      | 1.00
301        | 3    | 0      |   0.0 |   0.00 | $0.00      | $0.00      | 1.00
361        | 3    | 0      |   0.0 |   0.00 | $0.00      | $0.00      | 1.00
203        | 3    | 0      |   0.0 |   0.00 | $0.00      | $0.00      | 1.00
259        | 3    | 0      |   0.0 |   0.00 | $0.00      | $0.00      | 1.00
263        | 3    | 0      |   0.0 |   0.00 | $0.00      | $0.00      | 1.00
274        | 3    | 0      |   0.0 |   0.00 | $0.00      | $0.00      | 1.00
304        | 3    | 0      |   0.0 |   0.00 | $0.00      | $0.00      | 1.00
310        | 3    | 0      |   0.0 |   0.00 | $0.00      | $0.00      | 1.00
369        | 3    | 0      |   0.0 |   0.00 | $0.00      | $0.00      | 1.00
0          | 3    | 0      |   0.0 |   0.00 | $0.00      | $0.00      | 1.00
2          | 3    | 0      |   0.0 |   0.00 | $0.00      | $0.00      | 1.00
3          | 3    | 0      |   0.0 |   0.00 | $0.00      | $0.00      | 1.00
5          | 3    | 0      |   0.0 |   0.00 | $0.00      | $0.00      | 1.00
275        | 3    | 0      |   0.0 |   0.00 | $0.00      | $0.00      | 1.00
278        | 3    | 0      |   0.0 |   0.00 | $0.00      | $0.00      | 1.00
282        | 3    | 0      |   0.0 |   0.00 | $0.00      | $0.00      | 1.00
287        | 3    | 0      |   0.0 |   0.00 | $0.00      | $0.00      | 1.00
122        | 3    | 0      |   0.0 |   0.00 | $0.00      | $0.00      | 1.00
128        | 3    | 0      |   0.0 |   0.00 | $0.00      | $0.00      | 1.00
211        | 3    | 0      |   0.0 |   0.00 | $0.00      | $0.00      | 1.00
265        | 3    | 0      |   0.0 |   0.00 | $0.00      | $0.00      | 1.00
267        | 3    | 0      |   0.0 |   0.00 | $0.00      | $0.00      | 1.00
269        | 3    | 0      |   0.0 |   0.00 | $0.00      | $0.00      | 1.00
271        | 3    | 0      |   0.0 |   0.00 | $0.00      | $0.00      | 1.00
279        | 3    | 0      |   0.0 |   0.00 | $0.00      | $0.00      | 1.00
292        | 3    | 0      |   0.0 |   0.00 | $0.00      | $0.00      | 1.00
298        | 3    | 0      |   0.0 |   0.00 | $0.00      | $0.00      | 1.00
386        | 3    | 0      |   0.0 |   0.00 | $0.00      | $0.00      | 1.00
256        | 3    | 0      |   0.0 |   0.00 | $0.00      | $0.00      | 1.00
258        | 3    | 0      |   0.0 |   0.00 | $0.00      | $0.00      | 1.00
262        | 3    | 0      |   0.0 |   0.00 | $0.00      | $0.00      | 1.00
290        | 3    | 7      |  28.6 |  -0.25 | $-36.00    | $57.00     | 0.68
346        | 3    | 5      |  20.0 |  -0.28 | $-10.50    | $15.00     | 0.64
332        | 3    | 7      |  28.6 |  -0.45 | $-33.50    | $49.50     | 0.82
354        | 3    | 4      |   0.0 |  -1.22 | $-37.00    | $17.00     | 1.18
396        | 3    | 4      |   0.0 |  -1.76 | $-17.50    | $10.50     | 1.18
358        | 3    | 2      |   0.0 |  -4.20 | $-10.50    | $4.00      | 1.14
381        | 3    | 4      |   0.0 |  -4.93 | $-23.50    | $16.00     | 1.18
324        | 3    | 2      |   0.0 |  -6.33 | $-9.50     | $4.00      | 1.14
363        | 3    | 7      |   0.0 |  -8.98 | $-33.00    | $28.50     | 1.24
357        | 3    | 2      |   0.0 | -21.00 | $-10.50    | $5.00      | 1.14
291        | 4    | 120    |  34.2 |   0.08 | $104.50    | $103.00    | 0.50
325        | 4    | 188    |  34.0 |   0.07 | $305.50    | $227.50    | 0.55
288        | 4    | 41     |  26.8 |   0.05 | $39.50     | $120.00    | 0.54
317        | 4    | 140    |  31.4 |  -0.02 | $-66.50    | $388.00    | 0.61
283        | 4    | 19     |  47.4 |  -0.02 | $-6.50     | $58.00     | 0.63
276        | 4    | 19     |  31.6 |  -0.03 | $-8.00     | $75.50     | 0.66
319        | 4    | 42     |  31.0 |  -0.03 | $-22.50    | $123.50    | 0.56
305        | 4    | 188    |  32.4 |  -0.03 | $-146.50   | $388.50    | 0.58
356        | 4    | 63     |  28.6 |  -0.06 | $-35.50    | $106.50    | 0.58
373        | 4    | 15     |  33.3 |  -0.07 | $-15.50    | $34.50     | 0.55
293        | 4    | 70     |  30.0 |  -0.07 | $-59.50    | $117.00    | 0.56
286        | 4    | 27     |  33.3 |  -0.08 | $-24.50    | $44.00     | 0.55
365        | 4    | 68     |  32.4 |  -0.08 | $-53.50    | $151.00    | 0.70
353        | 4    | 26     |  34.6 |  -0.09 | $-21.50    | $78.00     | 0.69
297        | 4    | 108    |  28.7 |  -0.09 | $-128.00   | $228.00    | 0.66
330        | 4    | 53     |  32.1 |  -0.11 | $-57.50    | $80.50     | 0.65
355        | 4    | 22     |  27.3 |  -0.11 | $-23.00    | $35.50     | 0.58
364        | 4    | 18     |  22.2 |  -0.13 | $-27.50    | $58.00     | 0.69
311        | 4    | 64     |  35.9 |  -0.13 | $-262.50   | $259.50    | 0.72
299        | 4    | 48     |  29.2 |  -0.20 | $-110.00   | $121.50    | 0.69
329        | 4    | 62     |  27.4 |  -0.24 | $-263.00   | $288.00    | 0.78
323        | 4    | 67     |  29.9 |  -0.24 | $-210.50   | $221.50    | 0.81
328        | 4    | 120    |  25.0 |  -0.26 | $-401.00   | $411.00    | 0.83
342        | 4    | 32     |  18.8 |  -0.42 | $-77.00    | $96.50     | 0.79
285        | 4    | 11     |  18.2 |  -0.50 | $-40.00    | $47.50     | 0.75
384        | 4    | 12     |  25.0 |  -0.56 | $-46.50    | $42.50     | 0.90
334        | 4    | 10     |  10.0 |  -0.60 | $-57.50    | $53.50     | 0.78
303        | 4    | 10     |   0.0 |  -2.19 | $-111.50   | $99.00     | 1.30
349        | 4    | 10     |   0.0 |  -2.33 | $-94.50    | $81.00     | 1.30
344        | 4    | 10     |   0.0 |  -2.56 | $-62.00    | $57.00     | 1.30

Saved 1 Tier 1 strategies to checkpoints\production_playbook.pkl

TIER SUMMARY:
  Tier 1 (PRODUCTION): 1 templates
  Tier 2 (PROMISING): 12 templates
  Tier 3 (UNPROVEN): 354 templates
  Tier 4 (TOXIC): 30 templates

ANCESTRY ANALYSIS (Tier 1):
  Roche-backed: 0
  Structure-backed: 1

================================================================================
PARETO ANALYSIS  (top contributors to gross profit)
================================================================================
  Gross profit from winning trades: $28,655.50  (1,408 wins of 3,754 total)

  -- BY TEMPLATE --
  Key                       PnL  Trades    Cum%
  1                  $ 2,895.00     100    10.1%
  4                  $ 2,490.00      64    18.8%
  296                $ 1,828.00      88    25.2%
  313                $ 1,812.50      97    31.5%
  326                $ 1,710.50      66    37.5%
  325                $ 1,524.50      64    42.8%
  305                $ 1,309.00      61    47.4%
  294                $ 1,053.50      66    51.0%
  317                $   968.00      44    54.4%
  280                $   936.50      15    57.7%
  => 22 of 70 keys (31%) drive 80% of profit

  -- BY DIRECTION --
  Key                       PnL  Trades    Cum%
  SHORT              $20,006.50     947    69.8%
  LONG               $ 8,649.00     461   100.0% <-- 80%
  => 2 of 2 keys (100%) drive 80% of profit

  -- BY ORACLE LABEL --
  Key                       PnL  Trades    Cum%
  MEGA_SHORT         $ 8,025.00     442    28.0%
  MEGA_LONG          $ 7,537.00     368    54.3%
  SCALP_LONG         $ 5,764.00     236    74.4%
  SCALP_SHORT        $ 4,659.00     223    90.7% <-- 80%
  NOISE              $ 2,647.50     137    99.9%
  WORKER_BYPASS      $    23.00       2   100.0%
  => 4 of 6 keys (67%) drive 80% of profit
